03 09 16 19 23 27 31 41 54 58
05 17 19 22 26 33 34 44 57 58 
03 05 10 14 25 41 44 50 52 60
19 21 22 30 39 42 43 47 59
03 09 12 17 22 24 44 45 47
03 11 27 43 44 45 47 54 58
04 21 25 28 30 39 49 52 55
09 19 24 34 37 42 49 51 56
05 13 18 19 46 53 55 56
02 03 06 07 13 18 22 30
01 04 26 32 37 42 47 55
02 08 09 14 23 35 37 45
03 11 19 26 36 41 47 59
07 14 29 30 34 38 45 46
01 04 28 31 32 35 38 51
09 12 26 31 33 43 44 54
02 16 18 24 26 31 37 52
05 10 12 20 23 45 51 58
06 16 18 20 33 43 54 57
05 09 18 24 28 35 55 59
15 19 22 44 45 53 56 58
02 05 06 10 22 44 53 58
12 15 17 20 26 34 56 60
02 07 15 21 25 27 
02 19 25 34 45 54
01 03 04 09 32 58
07 14 23 30 41 49
07 11 17 39 52 59
05 07 31 36 46 48
05 13 22 29 37 48
03 17 24 33 45 59
10 13 27 30 42 55
06 14 22 30 48 57
02 11 19 33 47 53
07 14 23 34 41 50
08 16 28 34 41 50
05 15 25 36 44 60
05 16 25 38 47 54
05 14 23 31 42 55
08 12 19 27 36 49
03 15 20 28 33 54
06 11 25 34 40 50
09 18 22 29 41 56
01 13 21 32 48 59
04 17 23 35 43 57
02 16 24 38 45 52
07 19 26 30 39 60
10 14 28 33 44 53
